df.list <- structure(list(Year = c(1823L, 1828L, 1828L, 1829L, 1829L, 1846L, 
                                   1847L, 1848L, 1849L, 1848L, 1849L, 1849L, 1851L, 1852L, 1853L, 
                                   1854L, 1855L, 1856L, 1856L, 1857L, 1859L, 1859L, 1860L, 1860L, 
                                   1860L, 1861L, 1862L, 1863L, 1864L, 1865L, 1866L, 1867L, 1863L, 
                                   1864L, 1864L, 1865L, 1866L, 1867L, 1868L, 1869L, 1870L, 1865L, 
                                   1866L, 1866L, 1870L, 1871L, 1876L, 1877L, 1877L, 1878L, 1878L, 
                                   1879L, 1880L, 1881L, 1882L, 1883L, 1882L, 1884L, 1885L, 1885L, 
                                   1894L, 1895L, 1897L, 1898L, 1898L, 1900L, 1900L, 1904L, 1905L, 
                                   1906L, 1907L, 1909L, 1910L, 1911L, 1912L, 1912L, 1912L, 1913L, 
                                   1913L, 1913L, 1914L, 1915L, 1916L, 1917L, 1918L, 1918L, 1919L, 
                                   1920L, 1918L, 1919L, 1920L, 1919L, 1920L, 1919L, 1919L, 1919L, 
                                   1920L, 1920L, 1921L, 1921L, 1922L, 1922L, 1919L, 1920L, 1921L, 
                                   1920L, 1929L, 1931L, 1932L, 1933L, 1932L, 1933L, 1934L, 1935L, 
                                   1934L, 1935L, 1936L, 1937L, 1938L, 1939L, 1940L, 1941L, 1938L, 
                                   1939L, 1939L, 1940L, 1941L, 1942L, 1943L, 1944L, 1945L, 1939L, 
                                   1940L, 1940L, 1941L, 1947L, 1948L, 1949L, 1948L, 1949L, 1950L, 
                                   1951L, 1952L, 1953L, 1954L, 1955L, 1956L, 1956L, 1957L, 1958L, 
                                   1958L, 1962L, 1965L, 1966L, 1967L, 1968L, 1969L, 1970L, 1971L, 
                                   1972L, 1973L, 1974L, 1975L, 1965L, 1967L, 1968L, 1969L, 1970L, 
                                   1971L, 1972L, 1973L, 1969L, 1970L, 1969L, 1970L, 1971L, 1971L, 
                                   1973L, 1974L, 1975L, 1976L, 1977L, 1978L, 1977L, 1978L, 1979L, 
                                   1978L, 1979L, 1979L, 1980L, 1981L, 1982L, 1983L, 1984L, 1985L, 
                                   1986L, 1987L, 1988L, 1982L, 1982L, 1986L, 1986L, 1987L, 1987L, 
                                   1987L, 1990L, 1991L, 1992L, 1993L, 1994L, 1995L, 1998L, 1999L, 
                                   2000L, 1999L, 1999L, 2001L, 2003L, 1816L, 1816L, 1817L, 1818L, 
                                   1817L, 1818L, 1817L, 1818L, 1819L, 1817L, 1818L, 1817L, 1818L, 
                                   1817L, 1818L, 1820L, 1821L, 1821L, 1822L, 1821L, 1822L, 1823L, 
                                   1824L, 1825L, 1826L, 1824L, 1825L, 1826L, 1824L, 1825L, 1825L, 
                                   1826L, 1827L, 1828L, 1829L, 1830L, 1825L, 1826L, 1826L, 1827L, 
                                   1828L, 1826L, 1827L, 1828L, 1829L, 1830L, 1832L, 1833L, 1834L, 
                                   1835L, 1836L, 1837L, 1838L, 1839L, 1840L, 1841L, 1842L, 1839L, 
                                   1840L, 1841L, 1842L, 1839L, 1840L, 1841L, 1842L, 1843L, 1844L, 
                                   1845L, 1846L, 1847L, 1841L, 1843L, 1843L, 1844L, 1845L, 1846L, 
                                   1847L, 1848L, 1849L, 1850L, 1851L, 1843L, 1844L, 1845L, 1846L, 
                                   1846L, 1846L, 1847L, 1848L, 1849L, 1848L, 1849L, 1849L, 1850L, 
                                   1851L, 1852L, 1851L, 1852L, 1854L, 1855L, 1856L, 1857L, 1855L, 
                                   1856L, 1856L, 1856L, 1857L, 1858L, 1859L, 1860L, 1856L, 1857L, 
                                   1857L, 1858L, 1859L, 1858L, 1859L, 1860L, 1861L, 1862L, 1859L, 
                                   1860L, 1859L, 1860L, 1863L, 1864L, 1865L, 1863L, 1864L, 1865L, 
                                   1866L, 1863L, 1864L, 1863L, 1864L, 1865L, 1865L, 1866L, 1867L, 
                                   1868L, 1868L, 1869L, 1870L, 1871L, 1872L, 1873L, 1874L, 1875L, 
                                   1876L, 1877L, 1878L, 1869L, 1870L, 1870L, 1871L, 1872L, 1871L, 
                                   1872L, 1873L, 1874L, 1873L, 1874L, 1873L, 1874L, 1875L, 1876L, 
                                   1877L, 1878L, 1875L, 1876L, 1875L, 1876L, 1876L, 1877L, 1877L, 
                                   1878L, 1878L, 1879L, 1878L, 1879L, 1880L, 1881L, 1878L, 1878L, 
                                   1879L, 1880L, 1879L, 1880L, 1881L, 1880L, 1881L, 1881L, 1882L, 
                                   1881L, 1882L, 1883L, 1884L, 1885L, 1882L, 1883L, 1884L, 1883L, 
                                   1884L, 1885L, 1885L, 1886L, 1887L, 1888L, 1889L, 1885L, 1886L, 
                                   1885L, 1885L, 1887L, 1888L, 1890L, 1890L, 1891L, 1892L, 1893L, 
                                   1892L, 1893L, 1894L, 1893L, 1894L, 1893L, 1894L, 1893L, 1894L, 
                                   1894L, 1895L, 1894L, 1895L, 1895L, 1896L, 1897L, 1898L, 1895L, 
                                   1895L, 1896L, 1895L, 1896L, 1896L, 1897L, 1898L, 1899L, 1896L, 
                                   1897L, 1898L, 1897L, 1897L, 1898L, 1898L, 1899L, 1900L, 1901L, 
                                   1902L, 1899L, 1900L, 1899L, 1900L, 1901L, 1902L, 1900L, 1901L, 
                                   1902L, 1903L, 1904L, 1902L, 1903L, 1902L, 1903L, 1904L, 1903L, 
                                   1904L, 1905L, 1906L, 1904L, 1905L, 1906L, 1907L, 1904L, 1905L, 
                                   1906L, 1906L, 1906L, 1907L, 1908L, 1909L, 1910L, 1907L, 1908L, 
                                   1909L, 1910L, 1907L, 1908L, 1909L, 1910L, 1909L, 1910L, 1911L, 
                                   1912L, 1912L, 1913L, 1913L, 1914L, 1915L, 1913L, 1918L, 1918L, 
                                   1919L, 1920L, 1919L, 1919L, 1920L, 1920L, 1920L, 1920L, 1921L, 
                                   1923L, 1924L, 1925L, 1926L, 1927L, 1928L, 1929L, 1930L, 1931L, 
                                   1921L, 1922L, 1923L, 1924L, 1925L, 1926L, 1921L, 1922L, 1925L, 
                                   1926L, 1927L, 1930L, 1931L, 1930L, 1931L, 1932L, 1936L, 1937L, 
                                   1938L, 1939L, 1936L, 1937L, 1938L, 1945L, 1946L, 1946L, 1947L, 
                                   1948L, 1949L, 1950L, 1951L, 1952L, 1953L, 1954L, 1947L, 1948L, 
                                   1948L, 1949L, 1950L, 1951L, 1952L, 1953L, 1954L, 1955L, 1956L, 
                                   1957L, 1948L, 1950L, 1952L, 1953L, 1954L, 1952L, 1953L, 1954L, 
                                   1955L, 1956L, 1953L, 1954L, 1955L, 1956L, 1954L, 1955L, 1956L, 
                                   1957L, 1958L, 1959L, 1960L, 1961L, 1962L, 1957L, 1958L, 1961L, 
                                   1962L, 1963L, 1964L, 1965L, 1966L, 1967L, 1968L, 1969L, 1970L, 
                                   1971L, 1972L, 1973L, 1974L, 1964L, 1965L, 1966L, 1967L, 1968L, 
                                   1969L, 1970L, 1971L, 1972L, 1973L, 1974L, 1975L, 1975L, 1976L, 
                                   1975L, 1976L, 1977L, 1978L, 1979L, 1980L, 1981L, 1982L, 1983L, 
                                   1984L, 1985L, 1986L, 1987L, 1988L, 1975L, 1976L, 1977L, 1978L, 
                                   1979L, 1980L, 1981L, 1982L, 1983L, 1979L, 1980L, 1981L, 1982L, 
                                   1983L, 1984L, 1985L, 1986L, 1987L, 1988L, 1989L, 1980L, 1981L, 
                                   1982L, 1983L, 1984L, 1985L, 1986L, 1987L, 1988L, 1989L, 1991L, 
                                   1992L, 1997L, 2000L, 2001L, 2002L, 2003L, 2001L, 2002L, 2003L, 
                                   2004L, 2005L, 2006L, 2007L, 2008L, 2009L, 2010L, 2011L, 2012L, 
                                   2013L, 2014L, 2003L, 2004L, 2005L, 2006L, 1818L, 1819L, 1820L, 
                                   1821L, 1822L, 1820L, 1821L, 1820L, 1821L, 1821L, 1822L, 1823L, 
